SETHI
int main ( ) {
      int a = - 19200
return 0
}


0 0 0 0 0 0 0 0 0 0 0 0 0 0 0 0 0 1 0 0 1 0 1 1 0 0 0 0 0 0 0 0
1 1 1 1 1 1 1 1 1 1 1 1 1 1 1 1 1 0 1 1 0 1 0 0 1 1 1 1 1 1 1 1
                                                              1
1 1 1 1 1 1 1 1 1 1 1 1 1 1 1 1 1 0 1 1 0 1|0 1 0 0 0 0 0 0 0 0
              4194285                          256
			  
			  SETHI  4194285 , %l0 
              OR       %l0 , 256 , %l1	

1 1 1 1 1 1 1 1 1 1 1 1 1 1 1 1 1 0 1 1 0 1
0 0 0 0 0 0 0 0 0 0 0 0 0 0 0 0 0 1 0 0 1 0 			  
										  1	
0 0 0 0 0 0 0 0 0 0 0 0 0 0 0 0 0|1 0 0 1 1

SETHI   -19 , %l0
OR   %l0 , 256, %l1										  